1.395643279200000000e+10
1.395486110800000000e+10
1.395567443600000000e+10
1.395612157600000000e+10
1.395603022400000000e+10
1.395715395600000000e+10
1.395653998000000000e+10
1.395532538000000000e+10
1.395528274800000000e+10
1.395571965200000000e+10
1.395494950800000000e+10
1.395578586000000000e+10
1.395474122000000000e+10
1.395509516800000000e+10
1.395463066000000000e+10
1.395469898400000000e+10
1.395415602000000000e+10
1.395565576400000000e+10
1.395489556000000000e+10
1.395483532400000000e+10
1.395509668800000000e+10
1.395482079600000000e+10
1.395481570000000000e+10
1.395442559600000000e+10
1.395503540400000000e+10
1.395418478800000000e+10
1.395486527200000000e+10
1.395497605600000000e+10
1.395523770800000000e+10
1.395425504000000000e+10
1.395534163600000000e+10
1.395429386800000000e+10
1.395402965600000000e+10
1.395528151200000000e+10
1.395291998000000000e+10
1.395553734800000000e+10
1.395540528800000000e+10
1.395450866800000000e+10
1.395408428400000000e+10
1.395448374800000000e+10
1.395428448000000000e+10
1.395402590800000000e+10
1.395440963600000000e+10
1.395360206400000000e+10
1.395469380000000000e+10
1.395351967200000000e+10
1.395414774000000000e+10
1.395439742400000000e+10
1.395414120400000000e+10
1.395425009600000000e+10
1.395333637600000000e+10
1.395492382000000000e+10
1.395463389600000000e+10
1.395354692400000000e+10
1.395391161600000000e+10
1.395377982800000000e+10
1.395360468800000000e+10
1.395396444800000000e+10
1.395492583600000000e+10
1.395387192400000000e+10
1.395391676800000000e+10
1.395375842400000000e+10
1.395272091200000000e+10
1.395341407200000000e+10
1.395328726000000000e+10
1.395315651600000000e+10
1.395366853200000000e+10
1.395242014000000000e+10
1.395376787600000000e+10
1.395297988400000000e+10
1.395221060800000000e+10
1.395309082000000000e+10
1.395325206000000000e+10
1.395214279600000000e+10
1.395235883600000000e+10
1.395349034400000000e+10
1.395308920000000000e+10
1.395187550800000000e+10
1.395190684400000000e+10
1.395316892800000000e+10
1.395227254800000000e+10
1.395186722800000000e+10
1.395248802800000000e+10
1.395228186400000000e+10
1.395269098800000000e+10
1.395205666000000000e+10
1.395256423200000000e+10
1.395230430000000000e+10
1.395235793200000000e+10
1.395203874800000000e+10
1.395250957200000000e+10
1.395157532000000000e+10
1.395287564000000000e+10
1.395239589600000000e+10
1.395170256400000000e+10
1.395345376000000000e+10
1.395139063600000000e+10
1.395223511600000000e+10
1.395140147600000000e+10
1.395212649600000000e+10
